id,date,content,category,tags
1750017685897,"2025-06-15T20:01:25.897Z","2","読書",""
1750017683269,"2025-06-15T20:01:23.269Z","5","読書",""
1750017681282,"2025-06-15T20:01:21.282Z","4","読書",""
1750017679317,"2025-06-15T20:01:19.317Z","3","読書",""
1750017673689,"2025-06-15T20:01:13.689Z","2","読書",""
1750017671257,"2025-06-15T20:01:11.257Z","1","読書",""
1750017662925,"2025-06-15T20:01:02.926Z","喵呜","読書",""
1748632453973,"2025-05-30T19:14:13.973Z","cs","日常","喵呜"
1748115492296,"2025-05-24T19:38:12.296Z","喵呜~","思考","猫猫"
1745102917860,"2025-04-19T22:48:37.860Z","好耶","読書",""