id,date,content,category,tags
1745103057161,"2025-04-19T22:50:57.161Z","了","未分類",""
1745102917860,"2025-04-19T22:48:37.860Z","好耶","未分類",""